 chargenum | chargedate | feenum | resnum | memnum 
-----------+------------+--------+--------+--------
         0 | 2013-03-03 |      0 |      0 |      1
         1 | 2013-03-07 |      0 |      1 |      0
         2 | 2013-02-27 |      0 |      2 |      0
         3 | 2013-02-23 |      0 |      3 |      1
         4 | 2013-02-27 |      0 |      4 |      2
         5 | 2013-03-13 |      0 |      5 |      0
         6 | 2013-03-07 |      0 |      6 |      2
         7 | 2013-02-25 |      0 |      7 |      2
         8 | 2013-03-02 |      0 |      8 |      0
         9 | 2013-03-13 |      0 |      9 |      2
        10 | 2013-03-10 |      0 |     10 |      2
        11 | 2013-03-09 |      0 |     11 |      0
        12 | 2013-03-13 |      1 |        |      0
        13 | 2013-03-10 |      1 |        |      1
        14 | 2013-03-09 |      1 |        |      2
(15 rows)

